Warning: Period property is limited to 1 millisecond precision.
Sub-millisecond precision will be ignored. 

power =

  457.0405


power =

  458.9584


power =

  458.9213


power =

  470.5798


power =

  493.7732


power =

   19.0234


power =

    0.2136


power =

    0.0094


power =

  6.1667e-004


power =

    0.0030


power =

  498.3527


power =

  455.9897


power =

  375.6510


power =

    7.6643


power =

    0.0663


power =

  1.4927e-004


power =

  2.3817e-004


power =

  2.3621e-004


power =

  4.4667e-004


power =

  2.2822e-004


power =

  1.3514e-004


power =

  8.3483e-005


power =

  6.5381e-005


power =

  516.2087


power =

  391.5882


power =

    6.6940


power =

    0.0161


power =

  8.7109e-004


power =

  5.0196e-004


power =

  2.8741e-004


power =

   86.8987


power =

  473.7637


power =

  448.3133


power =

  448.3210


power =

  100.2443


power =

    2.9098


power =

  9.6301e-004


power =

    0.0033


power =

    0.0016


power =

  8.2131e-004


power =

  3.9334e-004


power =

  6.5840e-005


power =

  497.7557


power =

  454.6979


power =

  457.2065


power =

  450.7134


power =

   38.8091


power =

    0.8079


power =

    0.0048


power =

    0.0036


power =

    0.0018


power =

  1.6954e-004


power =

  478.3469


power =

  479.9268


power =

   10.8235


power =

    0.0775


power =

  1.4483e-004


power =

    0.0011


power =

  5.8543e-004


power =

  2.6685e-004


power =

  1.3540e-004


power =

  420.4941


power =

   31.0321


power =

    1.4930


power =

    0.0011


power =

  1.3074e-004


power =

  480.0023


power =

    8.0908


power =

    0.0578


power =

  3.0908e-004


power =

  470.7403


power =

  459.9000


power =

   31.7476


power =

  388.0070


power =

  510.5666


power =

  483.0263


power =

  455.8755


power =

  395.0033


power =

  607.6695


power =

   21.5566


power =

    0.1302


power =

    0.0046


power =

    0.0030


power =

    0.0018


power =

  8.2818e-004


power =

  7.6285e-004


power =

  103.0383


power =

  463.9120


power =

  497.2566


power =

   14.0687


power =

    0.0968


power =

  1.9989e-004


power =

    0.0013


power =

  6.4687e-004


power =

  5.0967e-004


power =

  1.7945e-004


power =

  1.9796e-004


power =

  1.4555e-004


power =

  1.0481e-004


power =

  5.6779e-004


power =

  1.4626e-004


power =

  1.4521e-004


power =

  502.5063


power =

  322.5332


power =

    6.4665


power =

    0.0299


power =

  465.2356


power =

  607.6106


power =

  487.6387


power =

  496.9017


power =

  445.9121


power =

  452.3552


power =

  459.0494


power =

  461.5316


power =

  459.1510


power =

  518.5683


power =

  458.3123


power =

   88.0652


power =

  495.7464


power =

  368.4027


power =

  372.1362


power =

    9.8948


power =

    0.0091


power =

  4.2243e-004


power =

  167.0045


power =

  450.2772


power =

  459.1289


power =

   37.0541


power =

    0.7584


power =

    0.0032


power =

    0.0023


power =

    0.0011


power =

  5.1498e-004


power =

  189.3085


power =

  591.9423


power =

  103.6351


power =

    2.8796


power =

    0.0022


power =

    0.0013


power =

  1.4810e-004


power =

  2.5672e-004


power =

  5.4746e-004


power =

  376.6921


power =

  451.1840


power =

  471.9652


power =

  454.4517


power =

   24.7673


power =

    0.2054


power =

    0.0043


power =

  4.4712e-004


power =

  1.9155e-004


power =

    0.0017


power =

  9.3529e-004


power =

  9.9520e-004


power =

  8.4022e-004


power =

  7.4714e-004


power =

    0.0012


power =

    0.0011


power =

    0.0010


power =

    0.0013


power =

  9.6780e-004


power =

  8.8478e-004


power =

    0.0013


power =

    0.0013


power =

    0.0019


power =

    0.0019


power =

    0.0018


power =

    0.0017


power =

  106.5356


power =

   38.2946

>> 